0
0
0
0
0
0
0
0
0
0
0
0
0
0
0
0
0
0
0
0
0
0
0
0
0
0
0
0
0
0
0
0
0
0
0
0
0
0
0
0
0
0
0
0
0
0
0
0
0
0
0
0
0
0
0
0
0
0
0
0
0
0
0
0
0
0
0
0
0
0
0
0
0
0
0
0
0
0
0
0
0
0
0
0
0
0
0
0
0
0
0
0
0
0
-0.000366211  0.0337448
-0.000366211  0.0337448

2.1991  -54.932
2.1991  -54.932

1120  93.1333
0  -0.10778

1090.28  408.018
-11.426  340.414

1063.99  88.6469
-0.00646973  0.170654

1038.06  385.21
2.40161  -6.1795

1066.78  89.107
-0.012207  0.228264

1042.84  386.825
2.0603  0.747559

1066.62  89.3868
-0.0198975  0.29129

1044.74  387.353
2.04077  0.570892

1066.6  89.7424
-0.029541  0.353096

1046.77  388.069
2.00256  0.709686

1066.55  90.1606
-0.0413818  0.420105

1048.75  388.907
1.99548  0.842163

1066.5  90.6416
-0.0546875  0.480057

1050.7  389.87
1.94397  0.960785

1066.43  91.1851
-0.0700684  0.543571

1052.61  390.955
1.90808  1.08582

1066.34  91.7905
-0.0872803  0.60527

1054.47  392.162
1.86145  1.20648

1066.24  92.4573
-0.106323  0.6661

1056.28  393.488
1.80908  1.32458

1066.11  93.1849
-0.126221  0.720688

1058.04  394.931
1.73706  1.42932

1065.96  93.9726
-0.150146  0.788406

1059.73  396.489
1.69763  1.55917

1065.78  94.8197
-0.175049  0.84938

1061.36  398.159
1.63611  1.67453

1065.58  95.7255
-0.200806  0.905754

1062.93  399.939
1.56213  1.7796

1065.35  96.6891
-0.237183  1.00067

1064.42  401.825
1.55286  1.9592

1065.1  97.7097
-0.265991  1.05147

1065.83  403.815
1.45886  2.05054

1064.81  98.7864
-0.289063  1.07243

1067.16  405.906
1.32373  2.08243

1064.48  99.9181
-0.334717  1.17437

1068.4  408.094
1.29675  2.27069

1064.12  101.104
-0.360229  1.19314

1069.56  410.375
1.16248  2.29575

1063.73  102.343
-0.398682  1.25325

1070.62  412.747
1.07581  2.39938

1063.3  103.633
-0.419067  1.24882

1071.58  415.205
0.928955  2.37772

1062.83  104.975
-0.486206  1.38404

1072.45  417.745
0.896973  2.62143

1062.31  106.366
-0.522827  1.41948

1073.21  420.364
0.780151  2.67249

1061.76  107.805
-0.554688  1.43757

1073.86  423.056
0.654541  2.68948

1061.16  109.291
-0.598267  1.4839

1074.41  425.818
0.545532  2.75806

1060.51  110.823
-0.640625  1.52229

1074.85  428.646
0.431274  2.81

1059.82  112.399
-0.694946  1.58524

1075.17  431.535
0.322998  2.9054

1059.08  114.018
-0.738403  1.6175

1075.37  434.479
0.203369  2.94217

1058.3  115.678
-0.787354  1.65835

1075.45  437.476
0.0845947  2.99265

1057.46  117.379
-0.838623  1.70004

1075.42  440.519
-0.0358887  3.04263

1056.57  119.117
-0.889404  1.73693

1075.26  443.603
-0.158447  3.08185

1055.62  120.892
-0.917114  1.72504

1074.98  446.725
-0.277954  3.03241

1054.63  122.703
-1.02319  1.86048

1074.57  449.878
-0.416138  3.24139

1053.58  124.547
-1.04846  1.83859

1074.03  453.059
-0.533813  3.17081

1052.47  126.423
-1.10657  1.87471

1073.37  456.261
-0.662109  3.19998

1051.3  128.329
-1.16296  1.9045

1072.58  459.48
-0.790405  3.21588

1050.08  130.264
-1.2229  1.93661

1071.66  462.71
-0.920654  3.23352

1048.8  132.225
-1.27271  1.94966

1070.61  465.947
-1.0437  3.21692

1047.46  134.212
-1.32788  1.96901

1069.43  469.185
-1.16943  3.20901

1046.06  136.222
-1.40491  2.01804

1068.12  472.418
-1.31311  3.24738

1044.6  138.253
-1.4281  1.98544

1066.69  475.643
-1.40771  3.15115

1043.08  140.303
-1.52722  2.05908

1065.12  478.853
-1.57202  3.22363

1041.5  142.372
-1.63684  2.14114

1063.43  482.044
-1.74988  3.30466

1039.85  144.456
-1.63965  2.07684

1061.61  485.21
-1.81543  3.15463

1038.15  146.554
-1.70203  2.09061

1059.66  488.346
-1.94067  3.12485

1036.38  148.664
-1.75586  2.09169

1057.59  491.448
-2.05493  3.07391

1034.54  150.785
-1.83362  2.11937

1055.39  494.51
-2.19421  3.06036

1032.64  152.914
-1.88965  2.1188

1053.07  497.528
-2.30676  3.00317

1030.68  155.049
-1.94666  2.11758

1050.64  500.496
-2.41772  2.94324

1028.65  157.189
-2.11023  2.23083

1048.08  503.41
-2.65845  3.04089

1026.56  159.331
-2.18457  2.24149

1045.41  506.265
-2.78845  2.99048

1024.41  161.474
-2.14404  2.13142

1042.63  509.057
-2.76904  2.77667

1022.19  163.615
-2.19873  2.12114

1039.74  511.781
-2.8667  2.69775

1019.91  165.753
-2.32336  2.17688

1036.74  514.433
-3.05298  2.70117

1017.56  167.886
-2.34277  2.12859

1033.63  517.009
-3.09924  2.56995

1015.15  170.012
-2.51257  2.21788

1030.42  519.504
-3.34058  2.60608

1012.67  172.129
-2.48816  2.12842

1027.12  521.914
-3.32239  2.42383

1010.13  174.235
-2.58264  2.14383

1023.72  524.237
-3.45862  2.36511

1007.53  176.328
-2.56714  2.06473

1020.23  526.467
-3.4447  2.19855

1004.87  178.407
-2.67517  2.08757

1016.65  528.601
-3.59277  2.14398

1002.14  180.469
-2.72583  2.06178

1012.99  530.636
-3.66113  2.0351

999.354  182.512
-2.76221  2.02426

1009.25  532.569
-3.70642  1.91388

996.506  184.536
-2.85254  2.02614

1005.43  534.396
-3.82104  1.83026

993.597  186.537
-2.8938  1.99039

1001.55  536.116
-3.86658  1.70941

990.628  188.514
-2.85901  1.90192

997.593  537.724
-3.80688  1.54327

987.601  190.466
-3.02161  1.94778

993.577  539.218
-4.00745  1.49146

984.515  192.39
-3.05688  1.90562

989.504  540.596
-4.03467  1.36395

981.372  194.285
-3.1106  1.87483

985.379  541.856
-4.08276  1.24561

978.172  196.149
-3.13123  1.82314

981.205  542.996
-4.08423  1.11249

974.917  197.981
-3.17432  1.78488

976.988  544.014
-4.11169  0.989136

971.608  199.778
-3.28833  1.78574

972.733  544.908
-4.22784  0.887512

968.245  201.54
-3.35474  1.75739

968.445  545.676
-4.27802  0.766602

964.83  203.264
-3.46368  1.74985

964.129  546.319
-4.3786  0.653442

961.364  204.95
-3.5072  1.70607

959.789  546.833
-4.39154  0.522522

957.848  206.595
-3.5025  1.63828

955.431  547.22
-4.34058  0.384521

954.283  208.198
-3.5636  1.60243

951.061  547.478
-4.36902  0.25769

950.671  209.757
-3.52576  1.52072

946.682  547.606
-4.27216  0.122192

947.013  211.272
-3.63818  1.50621

942.302  547.605
-4.35651  -0.00152588

943.309  212.741
-3.71765  1.47473

937.923  547.475
-4.39557  -0.130493

939.563  214.162
-3.74097  1.41902

933.553  547.215
-4.36383  -0.259583

935.774  215.535
-3.71252  1.34373

929.195  546.826
-4.26898  -0.383362

931.946  216.857
-3.8327  1.32397

924.856  546.31
-4.34375  -0.51709

928.078  218.128
-3.8302  1.25838

920.54  545.665
-4.27356  -0.639221

924.173  219.348
-3.92517  1.22568

916.252  544.895
-4.31024  -0.773926

920.232  220.513
-3.89923  1.15262

911.998  543.999
-4.20874  -0.887695

916.257  221.624
-3.94189  1.10139

907.782  542.979
-4.18036  -1.01184

912.249  222.68
-4.02716  1.0612

903.609  541.838
-4.19373  -1.14661

908.211  223.679
-4.03217  0.997665

899.484  540.576
-4.11835  -1.26013

904.143  224.621
-4.03094  0.932968

895.412  539.196
-4.03467  -1.36865

900.048  225.505
-4.11847  0.889343

891.397  537.7
-4.03815  -1.50409

895.928  226.33
-4.11725  0.824188

887.445  536.09
-3.94916  -1.60864

891.783  227.095
-4.13196  0.762741

883.559  534.369
-3.87384  -1.716

887.617  227.8
-4.1441  0.700714

879.745  532.54
-3.79382  -1.81982

883.43  228.444
-4.19696  0.645569

876.005  530.605
-3.74884  -1.93903

879.225  229.026
-4.32056  0.59996

872.345  528.569
-3.76318  -2.09015

875.004  229.546
-4.25385  0.524506

868.769  526.433
-3.60449  -2.15155

870.767  230.004
-3.98096  0.42601

865.279  524.201
-3.27283  -2.10236

866.518  230.398
-4.4682  0.418182

861.881  521.878
-3.57855  -2.43896

862.258  230.73
-4.255  0.330551

858.578  519.466
-3.29919  -2.40936

857.99  230.997
-4.25708  0.266586

855.373  516.97
-3.19598  -2.48956

853.714  231.201
-4.26312  0.20282

852.269  514.393
-3.09406  -2.56927

849.432  231.34
-4.23145  0.137192

849.27  511.74
-2.96307  -2.62317

845.148  231.415
-4.2674  0.0748291

846.378  509.015
-2.8797  -2.71466

840.862  231.427
-4.34796  0.0121613

843.597  506.222
-2.82312  -2.83258

836.577  231.373
-4.27362  -0.0532684

840.929  503.365
-2.66064  -2.84888

832.295  231.256
-4.08966  -0.115021

838.377  500.45
-2.43268  -2.78638

828.017  231.074
-4.46741  -0.186737

835.942  497.481
-2.54791  -3.0979

823.745  230.829
-4.17468  -0.241608

833.626  494.463
-2.25983  -2.95129

819.482  230.52
-4.44745  -0.319855

831.433  491.4
-2.2934  -3.19287

815.229  230.147
-4.13812  -0.364594

829.362  488.298
-2.01086  -3.02002

810.988  229.711
-4.28473  -0.439621

827.417  485.161
-1.96698  -3.16882

766.212  217.727
-3.87714  -0.462753

784.227  457.737
-1.65875  -2.90793

804.578  229.226
-4.53113  -0.598801

825.974  480.016
-1.82971  -3.43097

798.256  228
-4.16608  -0.619293

822.238  475.532
-1.55286  -3.19006

794.189  227.346
-4.16681  -0.682846

820.911  472.371
-1.43298  -3.21954

790.031  226.6
-4.24359  -0.759445

819.599  469.134
-1.33771  -3.30447

785.902  225.796
-4.1662  -0.811157

818.423  465.897
-1.18835  -3.26685

742.503  213.643
-3.65515  -0.776321

776.454  439.365
-0.919312  -2.88477

779.686  224.575
-4.4057  -0.99144

818.503  460.595
-1.00134  -3.48935

773.575  223.002
-3.97321  -0.962936

815.566  456.153
-0.771362  -3.15891

730.981  210.846
-3.71735  -0.963379

774.235  430.205
-0.602234  -2.96255

767.602  221.46
-4.33215  -1.18152

816.514  450.97
-0.589355  -3.45551

761.619  219.727
-3.9267  -1.14012

813.967  446.619
-0.402161  -3.1322

757.802  218.556
-3.93134  -1.2047

813.793  443.558
-0.282166  -3.13205

753.917  217.301
-3.87616  -1.25206

813.631  440.471
-0.15625  -3.08044

750.074  215.996
-3.82739  -1.30016

813.597  437.429
-0.0334473  -3.03024

746.272  214.64
-3.79578  -1.35315

813.684  434.433
0.086792  -2.99014

742.511  213.236
-3.77661  -1.41011

813.89  431.489
0.205872  -2.95612

738.792  211.783
-3.71619  -1.45175

814.212  428.602
0.322083  -2.88596

735.118  210.284
-3.65332  -1.49101

814.648  425.775
0.434692  -2.81064

731.49  208.74
-3.62476  -1.54289

815.197  423.014
0.547791  -2.75861

654.76  186.278
-3.13928  -1.40007

693.574  356.87
0.590576  -2.35504

728.033  206.565
-4.08472  -1.87624

822.731  420.878
0.866455  -3.0314

720.709  203.797
-3.35303  -1.61208

817.178  415.007
0.839661  -2.44189

717.469  202.141
-3.49176  -1.7393

818.466  412.717
0.981018  -2.49966

714.078  200.389
-3.37878  -1.74805

819.513  410.339
1.06262  -2.36877

710.751  198.604
-3.30823  -1.77519

820.67  408.059
1.15002  -2.26639

707.477  196.784
-3.26202  -1.81378

821.915  405.873
1.24133  -2.17838

704.258  194.931
-3.1571  -1.81897

823.246  403.783
1.30756  -2.04803

701.096  193.046
-3.23041  -1.92365

824.659  401.795
1.44061  -2.03259

697.99  191.131
-3.01825  -1.86243

826.149  399.91
1.45117  -1.82971

694.942  189.189
-3.04358  -1.93968

827.712  398.132
1.5611  -1.77551

240.241  64.2475
-0.87323  -0.620255

249.946  117.771
0.546997  -0.434021

711.609  191.376
-3.5816  -2.44859

860.011  408.842
2.09326  -1.88922

685.025  182.904
-2.89984  -2.03609

831.35  392.77
1.77356  -1.45773

683.402  181.19
-2.80023  -2.03085

834.682  392.177
1.80688  -1.31979

99.7037  25.1066
-0.263733  -0.254639

126.989  57.5851
0.260132  -0.0343933

706.957  184.746
-3.00574  -2.35251

873.855  406.521
2.18201  -1.16785

673.837  174.572
-2.80444  -2.22896

838.557  388.06
2.07892  -1.03342

672.802  172.875
-2.64594  -2.17026

842.404  388.098
2.04913  -0.867798

670.229  170.741
-2.47272  -2.0937

844.327  387.344
1.99768  -0.702606

667.799  168.619
-2.44659  -2.1342

846.374  386.762
2.05261  -0.587616

665.43  166.488
-2.36816  -2.12973

848.437  386.306
2.06189  -0.455597

663.124  164.352
-2.30206  -2.13351

850.515  385.979
2.07544  -0.326752

660.883  162.211
-2.23651  -2.13614

852.604  385.78
2.08478  -0.197662

658.706  160.069
-2.27759  -2.23859

854.699  385.711
2.18811  -0.0778198

656.593  157.926
-2.12146  -2.15125

856.793  385.772
2.10309  0.0605774

654.545  155.785
-2.04535  -2.13754

858.883  385.962
2.0863  0.189911

652.56  153.648
-1.97974  -2.13211

860.962  386.281
2.07471  0.318665

650.64  151.517
-1.91315  -2.12349

863.026  386.729
2.05652  0.446564

648.783  149.393
-1.84985  -2.11626

865.07  387.304
2.03638  0.574036

646.991  147.279
-1.78638  -2.1066

867.088  388.007
2.0108  0.700531

645.261  145.177
-1.72742  -2.09995

869.075  388.835
1.98486  0.827484

643.594  143.087
-1.66425  -2.08617

871.027  389.788
1.94879  0.95166

641.99  141.013
-1.59528  -2.06274

872.938  390.864
1.90057  1.07071

640.447  138.956
-1.54303  -2.05774

874.804  392.061
1.86646  1.19754

638.966  136.918
-1.47015  -2.02368

876.619  393.378
1.80237  1.30817

637.546  134.901
-1.40771  -2.00018

878.38  394.812
1.74518  1.42267

636.186  132.906
-1.39508  -2.04465

880.08  396.36
1.74432  1.58423

634.886  130.936
-1.2995  -1.9689

881.717  398.022
1.63538  1.66028

633.644  128.992
-1.27246  -1.99078

883.285  399.793
1.60663  1.8103

632.46  127.076
-1.14807  -1.86034

884.78  401.671
1.44971  1.82733

631.334  125.189
-1.10834  -1.85666

886.197  403.653
1.39441  1.95236

630.263  123.334
-1.06891  -1.85239

887.534  405.735
1.33429  2.07968

629.248  121.512
-0.951111  -1.71082

888.785  407.916
1.17084  2.05511

502.437  95.4216
-1.01642  -1.88653

667.751  308.211
1.22986  2.39261

633.671  119.188
-0.929626  -1.79125

902.126  417.653
1.09503  2.4155

626.207  116.198
-0.831909  -1.6668

891.433  414.751
0.944153  2.38824

625.732  114.588
-0.883972  -1.83146

892.89  417.552
0.962402  2.75894

624.96  112.951
-0.756226  -1.63454

893.631  420.151
0.770508  2.61481

624.253  111.36
-0.704773  -1.58513

894.297  422.839
0.661499  2.67743

623.593  109.813
-0.660522  -1.54758

894.852  425.596
0.555542  2.75757

622.978  108.311
-0.612305  -1.49662

895.296  428.418
0.441772  2.81296

